0.0012	    0.2311	-0.0636	   0.0307	0.2655	   5.0455	9.8871              1
0.3889	    0.0777	0.0841	   0.0229	0.7909	   5.0844	9.9514              0
0.0092	    0.0487	-0.0114	   0.0037	0.463	   4.3449	8.6238              1
0.0446	    0.0013	0.0131	   0.0039	0.5559	   3.1558	6.1483              0
0	        0.0365	-0.0114	   0.0091	0.4404	   4.2349	8.1552              1
0.0283	    0.0054	0.0086	   0.1241	0.501	   3.648	7.0817              0
0.0676	    0.068	-0.0477	   0.0668	0.5571	   4.4855	8.8664              1
0.0763	    0.0414	0.0134	   0.0043	0.6329	   4.4739	8.8155              0
0	        0.5349	-0.1669	   0.0218	0.4298	   5.1167	9.9892	            1
0.4683	    0.1784	0.1307	   0.0464	0.9706	   5.0895	9.9161		    0
0.0701	    0.0466	0.0126	   0.0017	0.6023	   5.4771	10.9407		    1
0.0037	    0	    0.0013	   0.0058	0.6784	   5.2303	10.4384		    0
0	        0.0277	-0.0284	   0.0097	0.572	   4.7761	9.0843		    1
0.0309	    0.0739	0.0052	   0.0073	0.6802	   4.6084	8.8531		    0
0	        0.0743	-0.0327	   0.005	0.5912	   4.1569	8.0153		    1
0.0234	    0.085	0.0074	   0.1414	0.6885	   4.0334	7.784		    0
0.0083	    0.1931	-0.0275	   0.0556	0.1609	   5.9015	11.518		    1
0.6402	    0.1486	0.1372	   0.0391	0.7928	   5.8879	11.4832		    0
0	    0.1032	-0.034	   0.0186	0.4633	   5.1418	10.2229		    1
0.017	    0.0054	0.0039	   0.0127	0.5835	   4.828	9.6177		    0
0.064	    0.5927	-0.1407	   0.1458	0.2311	   5.6854	11.3095		    1
0.2788	    0	        0.0375	   0.0896	0.8317	   5.4163	10.7838		    0
0.0011	    0.0095	-0.0039	   0.0014	0.4734	   2.6801	5.1516		    1
0.0125	    0.1087	0.0049	   0.0264	0.4848	   2.6484	5.0707		    0
0.0057	    0.1024	-0.014	   0.0301	0.4867	   4.8395	9.4225		    1
0.1041	    0.519	-0.1329	   0.0082	0.5891	   4.8438	9.4432		    0
0.0745	    0.1296	-0.0175	   0.0237	0.6935	   6.119	12.1537		    1
0.052	    0.0909	-0.0462	   0.0082	0.8232	   5.8683	11.6551		    0
0.0325	    0.4505	-0.0814	   0.116	0.5195	   5.4627	10.8806		    1
0.0159	    0.0066	0.0053	   0.0612	1.0022	   5.1384	10.2203		    0
0.0238	    0.0123	-0.0301	   0.006	0.687	   4.4423	8.713		    1
0.0085	    0.125	0.0035	   0.0013	0.7736	   3.8352	7.4051		    0
0.1125	    0.2186	-0.061	   0.0205	0.346	   4.6402	9.0561		    1
0.2421	    0.0081	0.0693	   0.0182	0.6988	   4.6707	9.1151		    0
0.0239	    0.0581	-0.0139	   0.0088	0.4402	   5.3436	10.6067		    1
0.0194	    0.0115	0.0026	   0.0129	0.559	   4.8337	9.4742		    0
0	    0.2389	-0.0536	   0.0577	0.3586	   4.7273	9.432		    1
0.2114	    0.026	0.0301	   0.0516	0.6757	   4.4836	8.9221		    0
0	    0.2444	-0.0623	   0.0453	0.3578	   4.7811	9.5294		    1
0.1817	    0.0022	0.0296	   0.0522	0.6684	   4.6811	9.3364		    0
0	    0.2201	-0.0723	   0.006	0.3842	   4.0363	7.8943		    1
0.1652	    0.0013	0.0532	   0.0026	0.6038	   3.9637	7.7686		    0
0.0502	    0.0429	-0.0175	   0.0047	0.4457	   4.4171	8.7394		    1
0.0193	    0.0599	0.0065	   0.0332	0.5193	   4.354	8.4382		    0
0.0541	    0.1052	-0.0153	   0.0067	0.4374	   5.9567	11.8496		    1
0.0188	    0.0032	0.0035	   0.0025	0.6064	   5.6699	11.2553		    0 
0.008	    0.0588	-0.0174	   0.0051	0.4233	   4.5122	9.0186		    1
0.0079	    0.069	0.0013	   0.0022	0.5171	   4.5167	9.0262		    0
0.1331	    0.2805	-0.0514	   0.0053	0.4542	   4.5157	8.8171		    0
0.0054	    0.1346	-0.0374	   0.0111	0.4032	   5.6683	11.0429		    1
0.001	    0.001	-0.0129	   0.009	0.5523	   5.5579	10.7186		    0
0.0098	    0.0095	-0.1497	   0.0011	0.3777	   4.8318	9.5749		    1
0.0088	    0.0046	0.0022	   0.1689	0.4085	   4.13	        8.1961		    0
0.0051	    0.4268	-0.1068	   0.0712	0.312	   5.3432	10.6263		    1
0.4268	    0.0052	0.1137	   0.0703	0.7388	   5.2999	10.5531		    0  								
0	    0.0548	-0.0192	   0.0057	0.4262	   4.1445	8.1781		    1
0.0078	    0.0194	0.0026	   0.0098	0.5162	   4.1174	8.1045		    0
0.0032	    0.025	-0.0078	   0.0014	0.3454	   4.5188	8.8317		    1
0.2806	    0.0385	0.0837	   0.0235	0.6447	   4.4777	8.7623		    0
0.0461	    0.066	-0.0171	   0.0081	0.4465	   4.8593	9.3203		    1
0.0355	    0.081	0.0073	   0.0065	0.5285	   4.635	8.8972		    0
0.0062	    0.2132	-0.0275	   0.0666	0.2909	   5.2388	10.3562		    1
0.2757	    0.045	0.0379	   0.0688	0.6778	   5.0993	10.0766		    0							 	
0	    0.0545	-0.0205	   0.0108	0.4215	   3.9165	7.8158		    1
0.0428	    0	        0.0065	   0.0118	0.496	   3.8774	7.7438		    0
0.0025	    0.117	-0.0314	   0.0205	0.4005	   3.9966       7.7282	            1
0.1091	    0.1252	 0.0279	   0.0174	0.5889	   3.8484	7.475		    0
0.0037	    0.0354	-0.0187	   0.006	0.4559	   4.3044	8.0723		    1
0.0235	    0.0383	0.0044	   0.0052	0.4994	   3.9363	7.4507		    0
0	    0.2215	-0.0558	   0.0489	0.3774	   4.3498	8.6504		    1
0.0881	    0.0052	0.0109	   0.0257	0.5988	   4.1125	8.1792		    0
0.0541	    0.0434	-0.0153	   0.0047	0.4529	   3.3851	6.5649		    1
0.0431	    0.0309	0.013	   0.0031	0.5115	   3.3287	6.4695		    0
0.0526	    0.0674	-0.0243	   0.0094	0.3913	   3.754	7.4226		    1
0.1772	    0.0517	0.054	   0.0111	0.6204	   3.7096	7.3464		    0
0.0161	    0.0356	-0.0065	   0.003	0.4593	   4.3353	8.4059		    1
0.0473	    0.004	0.0118	   0.0079	0.5398	   4.1828	8.274		    0 
0	    0.2576	-0.0663	   0.0523	0.3732	   4.3429	8.6537		    1
0.2262	    0	        0.0465	   0.0537	0.6413	   4.2946	8.5588		    0
0	    0.0631	-0.0292	   0.0145	0.4051	   4.4446	8.8591		    1
0.0041	    0.0524	0.0013	   0.0211	0.5314	   4.2709	8.4852		    0
0	    0.0188	-0.0104	   0.0033	0.3333	   4.645	9.0467		    1
0.3581	    0	        0.1246	   0.0121	0.7702	   4.601	8.9953		    0
0.0177	    0.0852	-0.0205	   0.0182	0.4187	   4.8066	9.1382		    1
0.0342	    0.0187	0.0061	   0.0068	0.5381	   4.5169	8.6692		    0
0	    0.507	-0.1473	   0.0463	0.2616	   5.2007	10.2983		    1
0.1676	    0.4326	-0.0946	   0.0038	0.4314	   5.1731	10.2433		    0	
0.0116	    0.0439	-0.0079	   0.0073	0.4722	   4.8764	9.7356		    1
0.0127	    0	        0.0052	   0.0049	0.5509	   4.6824	9.2477		    0
0.0566	    0.1747	-0.0172	   0.0328	0.3483	   5.7663	11.0695		    1
0.1908	    0.0382	0.0356	   0.0283	0.6153	   5.5478	10.6548		    0
0.0517	    0.2291	-0.0736	   0.011	0.3256	   4.7944	9.4456		    1
0.2645	    0.1076	0.0523	   0.0085	0.5974	   4.7463	9.3823	 	    0  
0.0083	    0.0083	0.0033	   0.0056	0.291	   5.3652	10.6312		    1
0.3839	    0.0021	0.0841	   0.0698	0.7861	   5.3681	10.6576		    0
0.001	    0.3577	-0.0989	   0.0435	0.2781	   5.1785	10.0831		    1
0.3587	    0.1716	0.0435	   0.0211	0.6359	   5.1672	10.0322		    0
0.1187	    0.3349	-0.0893	   0.0496	0.3121	   4.8637	9.5843		    1
0.1698	    0.0046	0.034	   0.0379	0.7313	   4.8891	9.6391		    0
0	    0.0541	-0.0235	   0.0079	0.4088	   5.0539	9.8665		    1
0.0737	    0.0229	0.0109	   0.0109	0.5403	   4.9408	9.659		    0
0.0012	    0.2677	-0.065	   0.0411	0.2878	   5.175	10.2286		    1
0.1328	    0.3775	-0.0715	   0.0096	0.4206	   5.1619	10.2014		    0