-0.834	-3.86	12.55	-0.0766	4.394	12.34	-0.057	  2.83	3.157	1.165	-2.905	33.76	1.325	-0.3713	34.89	0.02522	0.4564	7.667	0
-0.8415	-3.86	12.51	-0.769	4.39	12.19	-0.00136  2.83	3.175	1.454	-2.132	33.4	1.31	0.098	34.33	0.01312	0.4564	7.065	0
-0.854	-3.86	12.74	-0.796	4.304	12.26	0.00414	  2.83	3.253	1.709	-4.54	45.26	1.416	-6.035	45.35	-0.0319 0.4564	7.052	0
-0.826	-3.86	12.48	-0.76	4.394	12.04	0.0001	  2.83	3.064	1.347	-2.928	33.55	1.352	0.068	33.96	-0.04	0.45	6.13	1
-0.8143	-3.86	12.59	-0.76	4.39	12.19	0.0002	  2.83	3.15	1.227	-2.405	33.58	1.264	0.246	34.07	0.018	0.45	6.72	1
-0.81	-3.86	12.42	-0.75	4.39	11.94	0.0001	  2.83	3.02	1.34	-1.66	32.8	1.42	-1.84	33.76	-0.045	0.455	5.44	1
-0.81	-3.86	12.48	-0.77	4.39	12.14	0.002	  2.83	3.065	1.28	-2.91	33.68	1.33	0.312	34.78	-0.16	-0.41	6.85	1
-0.82	-3.86	12.35	-0.74	4.39	11.96	0.0003	  2.83	3.02	1.29	-1.6	32.86	1.33	0.09	33.49	-0.03	0.45	5.48	1
-0.79	-3.86	12.44	-0.741	4.394	12.01	-0.00169  2.83	3.052	1.4	-1.04	33.29	1.281	-1.184	33.59	-0.0043 0.4564	6.157	1
-0.85	-3.86	12.72	-0.78	4.39	12.2	-0.0005	  2.83	3.19	1.22	-3.2	33.58	1.31	0.018	34.5	0.007	0.456	7.001	1
-0.8	-3.86	12.38	-0.74	4.39	12.12	-0.002	  2.83	3.07	1.27	-1.7	33.07	1.3	0.04	33.64	-0.004	0.456	6.125	1
-0.8	-3.8	12.38	-0.76	4.39	12.05	-0.001	  2.83	3.04	1.19	-2.69	33.05	1.3	0.29	33.91	0.004	0.456	6.18	1
-0.84	-3.86	12.71	-0.79	4.39	12.23	0.001	  2.83	3.2	1.37	-0.27	33.91	1.27	-0.11	34.35	-0.027	0.45	6.86	0
-0.79	-3.86	12.32	-0.73	4.39	11.9	-0.003	  2.83	2.99	1.31	-2.16	32.8	1.31	0.0085	33.86	-0.035	0.45	5.17	0
-0.79	-3.86	12.4	-0.744	4.39	11.97	0.001713  2.83	3.023	1.28	-3.181	33.08	1.307	-0.16	33.56	0.01152	0.4564	6.141	1
-0.803	-3.86	12.5	-0.775	4.394	12.07	0.001426  2.83	3.092	1.238	-2.667	33.51	1.286	0.2092	34.03	-0.0438	0.4604	7.312	1
-0.8258	-3.86	12.57	-0.7942	4.394	12.17	0.003791  2.83	3.142	1.315	-3.135	33.44	1.286	0.3157	34.02	-0.0334	0.4564	6.298	1
-0.8358	-3.86	12.51	-0.7694	4.39	12.04	0.002287  2.83	3.078	1.186	-3.255	33.4	1.323	-0.1641	33.86	-0.031	0.4564	6.525	1
-0.8261	-3.86	12.49	-0.7672	4.394	12.31	0.0365	  2.83	3.239	1.199	-2.159	33.22	1.375	0.443	34.22	-0.0122	0.4564	6.633	0
-0.804	-3.86	12.28	-0.721	4.394	11.86	-0.00102  2.83	2.96	1.303	-2.919	32.74	1.32	-0.1075	33.36	-0.0008	0.4564	5.35	0
-0.793	-3.86	12.37	-0.73	4.39	11.99	0.000542  2.83	3.006	1.196	-3.139	33.05	1.4	0.126	33.69	-0.0026	0.4564	6.001	1
-0.8243	-3.86	12.72	-0.7827	4.394	12.23	0.004752  2.83	3.257	1.233	-3.032	33.69	1.319	0.4122	34.25	-0.0449	0.4564	7.027	1
-0.8514	-3.86	13.02	-0.8058	4.394	12.47	-0.00285  2.83	3.404	1.194	-4.113	34.58	1.333	0.1146	33.55	0.00019	0.4564	8.355	0
-0.8094	-3.86	12.67	-0.7902	4.394	12.2	-0.00126  2.83	3.13	1.171	-2.11	33.71	1.296	-0.113	32.23	0.027	0.4564	6.962	0
-0.7935	-3.86	12.34	-0.759	4.394	12.01	-0.00426  2.83	3.087	1.213	-3.191	32.85	1.348	0.1941	33.95	-0.0521	0.4564	5.886	0
-0.8099	-3.86	12.41	-0.7589	4.394	11.99	0.00558   2.83	3.044	1.206	-3.193	33.04	1.361	0.3254	33.76	-0.0323	0.4564	5.826	0
-0.8281	-3.8	12.54	-0.75	4.39	12.06	-0.00134  2.83	3.15	1.369	-3.057	33.32	1.28	0.014	33.58	-0.0135	0.4564	6.423	1
-0.84	-3.86	12.55	-0.79	4.39	12.26	-0.0007	  2.83	3.14	1.12	-3.42	33.68	1.28	0.09	34.91	0.04	0.45	7.36	0
-0.81	-3.86	12.48	-0.79	4.39	12.19	-0.002	  2.83	3.15	1.32	-3.09	33.26	1.2	-0.07	34.65	-0.01	0.45	6.72	1
-0.86	-3.86	12.76	-0.82	4.39	12.41	-0.001	  2.83	3.36	1.33	-2.76	34.05	1.2	1.59	35.85	-0.014	2.822	8.088	0
-0.86	-3.86	12.96	-0.79	4.39	12.44	-0.005	  2.83	3.39	-0.86	-3.86	12.96	-0.79	4.3	12.44	-0.005	2.83	3.39	1
-0.8	-3.86	12.29	0.74	4..39	11.95	0.003	  2.83	2.98	1.21	-2.28	32.76	1.34	-0.05	33.51	-0.01	0.45	5.38	1
-0.85	-3.86	12.62	-0.79	4.39	12.17	-0.00118  2.83	3.157	1.16	-2.81	33.6	1.339	0.38	34.31	-0.0481	0.4564	6.842	1
-0.8	-3.86	12.24	-0.79	4.39	1.85	-0.001	  2.83	2.93	1.232	-3.39	32.6	1.35	-0.47	33.16	-0.01	0.45	4.95	0
-0.83	-3.86	12.25	-0.75	4.39	1.84	0.000258  2.83	3.19	-0.83	-3.86	12.58	-0.75	4.39	12.28	0.00024	2.83	3.19	1
-0.83	-3.86	12.51	-0.77	4.39	12.08	0.0009	  2.83	3.12	1.38	-3.21	33.6	1.32	0.31	34.04	-0.01	0.45	6.59	1
-0.78	-3.86	12.21	-0.73	4.39	11.87	0.0009	  2.83	2.93	1.202	-3.06	32.57	1.34	-0.03	33.12	-0.01	0.45	4.88	0
-0.79	-3.86	12.26	-0.74	4.39	11.92	0.002	  2.83	2.97	1.24	-3.23	32.56	1.35	-0.29	33.38	0.0034	0.45	5.2541	0
-0.82	-3.86	12.45	-0.77	4.39	12.06	-0.00154  2.83	3.084	1.17	-3.01	33.23	1.28	-0.52	33.99	-0.0281	0.4564	6.283	1
-0.77	-3.86	12.23	-0.72	4.39	11.85	0.000635  2.83	2.939	1.24	-3.22	32.5	1.35	-0.054	33.21	-0.0363	0.4564	4.979	0
